  0.10000000149011612        1.1942999524665957E-010
  0.11000000126659870        9.0073521097275305E-011
  0.12000000104308128        9.4133156575694301E-011
  0.13000000081956387        4.9986130909612458E-011
  0.14000000059604645        8.5501209006988909E-011
  0.15000000037252903        2.2600324540943849E-011
  0.16000000014901161        1.0680923746686350E-010
  0.16999999992549419        4.1986134308230655E-012
  0.17999999970197678        2.1129074765710191E-010
  0.18999999947845936        5.9163370669868515E-011
  0.19999999925494194        5.1622811399825725E-010
  0.20999999903142452        5.7471557951454663E-010
  0.21999999880790713        1.3507059011292162E-009
  0.22999999858438971        2.8428136374030670E-009
  0.23999999836087230        4.3925452208037874E-009
  0.24999999813735488        9.9591460079728782E-009
  0.25999999791383749        1.6750921503447459E-008
  0.26999999769032001        3.0902604003417297E-008
  0.27999999746680260        5.8291950569235232E-008
  0.28999999724328518        9.9557156696615201E-008
  0.29999999701976776        1.7937993903570326E-007
  0.30999999679625034        3.1638879317977248E-007
  0.31999999657273293        5.3909704213640345E-007
  0.32999999634921551        9.3371666947399536E-007
  0.33999999612569809        1.5931412654324422E-006
  0.34999999590218067        2.6692626126986661E-006
  0.35999999567866325        4.4799274763420093E-006
  0.36999999545514584        7.4533693139560965E-006
  0.37999999523162842        1.2245268146380085E-005
  0.38999999500811100        2.0039560971369521E-005
  0.39999999478459358        3.2605896980777960E-005
  0.40999999456107616        5.2565899745933258E-005
  0.41999999433755875        8.4237685193910603E-005
  0.42999999411404127        1.3433504842272736E-004
  0.43999999389052386        2.1278492222257808E-004
  0.44999999366700649        3.3492436631045892E-004
  0.45999999344348907        5.2456241655318171E-004
  0.46999999321997166        8.1723527409147904E-004
  0.47999999299645424        1.2658718134107396E-003
  0.48999999277293682        1.9505280389481286E-003
  0.49999999254941940        2.9907051262203807E-003
  0.50999999232590199        4.5613891898578420E-003
  0.51999999210238457        6.9184520017261343E-003
  0.52999999187886715        1.0435143772176476E-002
  0.53999999165534973        1.5646229595374730E-002
  0.54999999143183231        2.3301383566446107E-002
  0.55999999120831490        3.4431494739035833E-002
  0.56999999098479748        5.0413059166055263E-002
  0.57999999076128006        7.2991676305671063E-002
  0.58999999053776264       0.10421576447364536     
  0.59999999031424522       0.14621932745086719     
  0.60999999009072781       0.20077437320519326     
  0.61999998986721039       0.26858853790585574     
  0.62999998964369297       0.34852787962880283     
  0.63999998942017555       0.43718866855633282     
  0.64999998919665813       0.52924518074396665     
  0.65999998897314072       0.61861856869437315     
  0.66999998874962330       0.69998308919626240     
  0.67999998852610588       0.76989597640673924     
  0.68999998830258846       0.82710873006273400     
  0.69999998807907104       0.87214115819223037     
  0.70999998785555363       0.90654348487643044     
  0.71999998763203621       0.93224376734400005     
  0.72999998740851879       0.95113669441829052     
  0.73999998718500137       0.96487801067315748     
  0.74999998696148396       0.97480647801204090     
  0.75999998673796654       0.98194677660102159     
  0.76999998651444912       0.98706193134869846     
  0.77999998629093170       0.99071781155650074     
  0.78999998606741428       0.99333141917794787     
  0.79999998584389687       0.99520186943796940     
  0.80999998562037945       0.99653824509265876     
  0.81999998539686203       0.99748918022553323     
  0.82999998517334461       0.99816547087479668     
  0.83999998494982731       0.99864960706921391     
  0.84999998472630989       0.99899853898144753     
  0.85999998450279236       0.99924939339275898     
  0.86999998427927505       0.99942883249909720     
  0.87999998405575752       0.99955917813969530     
  0.88999998383224022       0.99965796385048322     
  0.89999998360872269       0.99973557503545962     
  0.90999998338520538       0.99979665572121834     
  0.91999998316168785       0.99984458345869143     
  0.92999998293817054       0.99988391712847458     
  0.93999998271465302       0.99991871963454271     
  0.94999998249113571       0.99995008437340838     
  0.95999998226761818       0.99997666603941437     
  0.96999998204410087       0.99999756362186221     
  0.97999998182058334        1.0000138641184291     
  0.98999998159706604        1.0000272203882969     
  0.99999998137354851        1.0000377411413834     
   1.0099999811500311        1.0000440514834499     
   1.0199999809265137        1.0000453041082344     
   1.0299999807029963        1.0000424656800997     
   1.0399999804794788        1.0000373567769001     
   1.0499999802559614        1.0000308484706031     
   1.0599999800324440        1.0000225090412578     
   1.0699999798089266        1.0000119779266312     
   1.0799999795854092        1.0000001949403134     
   1.0899999793618917       0.99998895855298375     
   1.0999999791383743       0.99997945211037498     
   1.1099999789148571       0.99997156847977198     
   1.1199999786913395       0.99996474888090470     
   1.1299999784678223       0.99995918533022166     
   1.1399999782443047       0.99995590696068548     
   1.1499999780207875       0.99995572263990629     
   1.1599999777972698       0.99995835129441502     
   1.1699999775737526       0.99996275274420499     
   1.1799999773502350       0.99996819665740910     
   1.1899999771267178       0.99997478958722485     
   1.1999999769032001       0.99998290822746050     
   1.2099999766796830       0.99999229185478644     
   1.2199999764561653        1.0000018853138788     
   1.2299999762326481        1.0000105890200293     
   1.2399999760091305        1.0000180286751139     
   1.2499999757856133        1.0000244937687368     
   1.2599999755620956        1.0000301856104818     
   1.2699999753385784        1.0000346779523619     
   1.2799999751150608        1.0000371926996756     
   1.2899999748915436        1.0000373427594547     
   1.2999999746680260        1.0000354933605684     
   1.3099999744445088        1.0000323622131531     
   1.3199999742209911        1.0000283347306511     
   1.3299999739974739        1.0000232508952203     
   1.3399999737739563        1.0000168591729928     
   1.3499999735504391        1.0000093951051017     
   1.3599999733269215        1.0000016363765698     
   1.3699999731034043       0.99999438533426543     
   1.3799999728798866       0.99998794721285733     
   1.3899999726563692       0.99998214763029414     
   1.3999999724328518       0.99997683180633556     
   1.4099999722093344       0.99997228179532405     
   1.4199999719858170       0.99996910515089943     
   1.4299999717622995       0.99996772931821765     
   1.4399999715387821       0.99996804571748177     
   1.4499999713152647       0.99996956804049930     
   1.4599999710917473       0.99997191967387944     
   1.4699999708682299       0.99997513456966569     
   1.4799999706447124       0.99997947367201334     
   1.4899999704211950       0.99998497250333229     
   1.4999999701976776       0.99999120342580983     
   1.5099999699741602       0.99999749729519927     
   1.5199999697506428        1.0000033917053597     
   1.5299999695271254        1.0000088524109774     
   1.5399999693036079        1.0000140614268693     
   1.5499999690800905        1.0000190093420742     
   1.5599999688565733        1.0000233161115566     
   1.5699999686330557        1.0000264589638155     
   1.5799999684095385        1.0000281719797490     
   1.5899999681860209        1.0000286179143323     
   1.5999999679625037        1.0000281706913190     
   1.6099999677389860        1.0000270354061387     
   1.6199999675154688        1.0000250836597313     
   1.6299999672919512        1.0000220571940062     
   1.6399999670684340        1.0000179265152584     
   1.6499999668449163        1.0000130455755005     
   1.6599999666213991        1.0000079517009661     
   1.6699999663978815        1.0000030074539255     
   1.6799999661743643       0.99999822784758219     
   1.6899999659508467       0.99999344831178372     
   1.6999999657273295       0.99998865779142854     
   1.7099999655038121       0.99998416841953441     
   1.7199999652802944       0.99998045810310743     
   1.7299999650567770       0.99997783817808106     
   1.7399999648332598       0.99997626124058803     
   1.7499999646097424       0.99997544524528048     
   1.7599999643862247       0.99997518892735371     
   1.7699999641627073       0.99997557775282053     
   1.7799999639391901       0.99997688975513632     
   1.7899999637156727       0.99997929587545353     
   1.7999999634921551       0.99998263960878420     
   1.8099999632686377       0.99998650208318673     
   1.8199999630451205       0.99999049103874638     
   1.8299999628216030       0.99999448721210338     
   1.8399999625980854       0.99999862619666779     
   1.8499999623745680        1.0000030408611897     
   1.8599999621510508        1.0000076081087970     
   1.8699999619275334        1.0000119354280166     
   1.8799999617040157        1.0000156002032459     
   1.8899999614804983        1.0000184247570316     
   1.8999999612569811        1.0000205407773146     
   1.9099999610334637        1.0000221902364550     
   1.9199999608099461        1.0000234473742129     
   1.9299999605864286        1.0000241138266888     
   1.9399999603629114        1.0000238795771446     
   1.9499999601393940        1.0000226029222066     
   1.9599999599158764        1.0000204579184744     
   1.9699999596923590        1.0000178183192812     
   1.9799999594688418        1.0000149818759441     
   1.9899999592453244        1.0000119784043182     
   1.9999999590218067        1.0000086278059896     
   2.0099999587982893        1.0000047919059842     
   2.0199999585747719        1.0000005940819463     
   2.0299999583512545       0.99999641118480675     
   2.0399999581277370       0.99999264342065741     
   2.0499999579042196       0.99998946172124281     
   2.0599999576807022       0.99998675010515203     
   2.0699999574571848       0.99998428944867568     
   2.0799999572336674       0.99998201965840583     
   2.0899999570101500       0.99998015098484883     
   2.0999999567866330       0.99997902752971224     
   2.1099999565631151       0.99997886064969821     
   2.1199999563395977       0.99997956162263546     
   2.1299999561160803       0.99998081696180385     
   2.1399999558925633       0.99998234164664490     
   2.1499999556690454       0.99998409411529099     
   2.1599999554455280       0.99998627064199652     
   2.1699999552220106       0.99998908546403387     
   2.1799999549984936       0.99999252535708683     
   2.1899999547749758       0.99999628890107040     
   2.1999999545514584       0.99999996424678450     
   2.2099999543279409        1.0000032977886075     
   2.2199999541044240        1.0000063295669008     
   2.2299999538809061        1.0000092832243708     
   2.2399999536573887        1.0000123042186362     
   2.2499999534338713        1.0000152671329732     
   2.2599999532103543        1.0000178153857617     
   2.2699999529868364        1.0000196028776787     
   2.2799999527633190        1.0000205385960779     
   2.2899999525398016        1.0000208317920700     
   2.2999999523162846        1.0000207996799422     
   2.3099999520927668        1.0000205956854673     
   2.3199999518692493        1.0000200822746801     
   2.3299999516457319        1.0000189539806079     
   2.3399999514222150        1.0000170106724562     
   2.3499999511986971        1.0000143569739868     
   2.3599999509751797        1.0000113627557028     
   2.3699999507516623        1.0000084138418588     
   2.3799999505281453        1.0000056532915944     
   2.3899999503046274        1.0000029224111919     
   2.3999999500811100       0.99999994952306259     
   2.4099999498575926       0.99999663372550929     
   2.4199999496340756       0.99999319290924427     
   2.4299999494105577       0.99999005351882952     
   2.4399999491870403       0.99998756724786364     
   2.4499999489635229       0.99998578006640315     
   2.4599999487400059       0.99998443868953668     
   2.4699999485164881       0.99998323044016157     
   2.4799999482929707       0.99998206542630430     
   2.4899999480694532       0.99998117474870163     
   2.4999999478459363       0.99998094393487569     
   2.5099999476224184       0.99998161177645140     
   2.5199999473989010       0.99998307345622006     
   2.5299999471753836       0.99998494619717870     
   2.5399999469518666       0.99998684857142939     
   2.5499999467283487       0.99998867460842433     
   2.5599999465048313       0.99999064589232856     
   2.5699999462813143       0.99999309858224639     
   2.5799999460577969       0.99999617169703436     
   2.5899999458342791       0.99999964306230971     
   2.5999999456107616        1.0000030457959750     
   2.6099999453872447        1.0000059787361049     
   2.6199999451637273        1.0000083703710245     
   2.6299999449402094        1.0000104890937349     
   2.6399999447166920        1.0000126888568948     
   2.6499999444931750        1.0000150866071746     
   2.6599999442696571        1.0000174241881121     
   2.6699999440461397        1.0000192269317372     
   2.6799999438226223        1.0000201410548608     
   2.6899999435991053        1.0000201903825365     
   2.6999999433755875        1.0000197511872271     
   2.7099999431520700        1.0000192595289981     
   2.7199999429285526        1.0000188733349775     
   2.7299999427050357        1.0000183504081777     
   2.7399999424815178        1.0000172409687000     
   2.7499999422580004        1.0000152517882528     
   2.7599999420344830        1.0000125036561838     
   2.7699999418109660        1.0000094807376076     
   2.7799999415874481        1.0000067036257703     
   2.7899999413639307        1.0000043708321746     
   2.7999999411404133        1.0000022423717048     
   2.8099999409168963       0.99999985878112430     
   2.8199999406933784       0.99999693388592692     
   2.8299999404698610       0.99999362359937827     
   2.8399999402463436       0.99999046187046325     
   2.8499999400228266       0.99998800471798843     
   2.8599999397993088       0.99998644658078806     
   2.8699999395757914       0.99998549963185701     
   2.8799999393522739       0.99998463267490811     
   2.8899999391287570       0.99998349516901197     
   2.8999999389052391       0.99998220799430193     
   2.9099999386817217       0.99998129720383810     
   2.9199999384582043       0.99998131293462822     
   2.9299999382346873       0.99998241498868068     
   2.9399999380111694       0.99998423794123426     
   2.9499999377876520       0.99998614429093713     
   2.9599999375641346       0.99998768365802093     
   2.9699999373406176       0.99998891658638189     
   2.9799999371170998       0.99999035589920837     
   2.9899999368935823       0.99999256102641154     
   2.9999999366700654       0.99999568289296559     
