  0.10000000149011612        8.2558471842240495E-010
  0.11000000126659870        6.6039807425888186E-010
  0.12000000104308128        5.3033140083700679E-010
  0.13000000081956387        4.2491105068223723E-010
  0.14000000059604645        3.3675024696492004E-010
  0.15000000037252903        2.6118219856222718E-010
  0.16000000014901161        1.9711032573395822E-010
  0.16999999992549419        1.4971162731644436E-010
  0.17999999970197678        1.3600365419071835E-010
  0.18999999947845936        1.9441159885050867E-010
  0.19999999925494194        3.9898092738203939E-010
  0.20999999903142452        8.7754474455150515E-010
  0.21999999880790713        1.8317621603678154E-009
  0.22999999858438971        3.5588506049837431E-009
  0.23999999836087230        6.4874212554757503E-009
  0.24999999813735488        1.1273440824913043E-008
  0.25999999791383749        1.9063078547945920E-008
  0.26999999769032001        3.2104169515566441E-008
  0.27999999746680260        5.4931907942016316E-008
  0.28999999724328518        9.6302563970777501E-008
  0.29999999701976776        1.7188976707694854E-007
  0.30999999679625034        3.0766048275427177E-007
  0.31999999657273293        5.4424394371986193E-007
  0.32999999634921551        9.4401541210174654E-007
  0.33999999612569809        1.6050678723139428E-006
  0.34999999590218067        2.6885989434415350E-006
  0.35999999567866325        4.4663776252873379E-006
  0.36999999545514584        7.3919043190956643E-006
  0.37999999523162842        1.2196299763707392E-005
  0.38999999500811100        2.0017200335817459E-005
  0.39999999478459358        3.2594515141788757E-005
  0.40999999456107616        5.2605171348757837E-005
  0.41999999433755875        8.4233771506571754E-005
  0.42999999411404127        1.3406155235649216E-004
  0.43999999389052386        2.1232345381539810E-004
  0.44999999366700649        3.3462482710497820E-004
  0.45999999344348907        5.2442085804203418E-004
  0.46999999321997166        8.1689482409564131E-004
  0.47999999299645424        1.2650786193223287E-003
  0.48999999277293682        1.9489327803006256E-003
  0.49999999254941940        2.9878949268819593E-003
  0.50999999232590199        4.5578466402400909E-003
  0.51999999210238457        6.9148886911591630E-003
  0.52999999187886715        1.0429609338576916E-002
  0.53999999165534973        1.5634424549380757E-002
  0.54999999143183231        2.3282198314983033E-002
  0.55999999120831490        3.4408926281319085E-002
  0.56999999098479748        5.0388529958733407E-002
  0.57999999076128006        7.2958144631183705E-002
  0.58999999053776264       0.10416664420268562     
  0.59999999031424522       0.14616173843998398     
  0.60999999009072781       0.20072493342060063     
  0.61999998986721039       0.26855535417937554     
  0.62999998964369297       0.34850665062661523     
  0.63999998942017555       0.43718019235545658     
  0.64999998919665813       0.52926494063680707     
  0.65999998897314072       0.61867833432346309     
  0.66999998874962330       0.70007005115684851     
  0.67999998852610588       0.76998307575109959     
  0.68999998830258846       0.82718268226948610     
  0.69999998807907104       0.87220646905141164     
  0.70999998785555363       0.90659928165856740     
  0.71999998763203621       0.93227402252659519     
  0.72999998740851879       0.95113077076247476     
  0.73999998718500137       0.96484646991280854     
  0.74999998696148396       0.97476491743703386     
  0.75999998673796654       0.98189523703696502     
  0.76999998651444912       0.98699458383774319     
  0.77999998629093170       0.99064414502392317     
  0.78999998606741428       0.99326994304513838     
  0.79999998584389687       0.99515688565047922     
  0.80999998562037945       0.99650114741140372     
  0.81999998539686203       0.99746142640778523     
  0.82999998517334461       0.99816072131305378     
  0.83999998494982731       0.99867081578323746     
  0.84999998472630989       0.99903233230926514     
  0.85999998450279236       0.99928823833797620     
  0.86999998427927505       0.99947999501522000     
  0.87999998405575752       0.99962476008775980     
  0.88999998383224022       0.99972449399298535     
  0.89999998360872269       0.99979230211088932     
  0.90999998338520538       0.99984727121987138     
  0.91999998316168785       0.99989190053577737     
  0.92999998293817054       0.99991934259188786     
  0.93999998271465302       0.99993582521004964     
  0.94999998249113571       0.99995328076453482     
  0.95999998226761818       0.99996908464533318     
  0.96999998204410087       0.99997541567456172     
  0.97999998182058334       0.99997805686935159     
  0.98999998159706604       0.99998538451198937     
  0.99999998137354851       0.99999192305797990     
   1.0099999811500311       0.99999151915835316     
   1.0199999809265137       0.99999116408517064     
   1.0299999807029963       0.99999592446110896     
   1.0399999804794788       0.99999848808262015     
   1.0499999802559614       0.99999586507244631     
   1.0599999800324440       0.99999592518950675     
   1.0699999798089266       0.99999979328456778     
   1.0799999795854092       0.99999978771261977     
   1.0899999793618917       0.99999696020739404     
   1.0999999791383743       0.99999841817264867     
   1.1099999789148571        1.0000011352644913     
   1.1199999786913395       0.99999927767674923     
   1.1299999784678223       0.99999761792433250     
   1.1399999782443047        1.0000001854776011     
   1.1499999780207875        1.0000010402666291     
   1.1599999777972698       0.99999843563566215     
   1.1699999775737526       0.99999873483053503     
   1.1799999773502350        1.0000012168716770     
   1.1899999771267178        1.0000000245842542     
   1.1999999769032001       0.99999820674027196     
   1.2099999766796830        1.0000001881518243     
   1.2199999764561653        1.0000011497782006     
   1.2299999762326481       0.99999887019058453     
   1.2399999760091305       0.99999901440067818     
   1.2499999757856133        1.0000011983903390     
   1.2599999755620956        1.0000000840469156     
   1.2699999753385784       0.99999854553851786     
   1.2799999751150608        1.0000004117196499     
   1.2899999748915436        1.0000010160123372     
   1.2999999746680260       0.99999894102178488     
   1.3099999744445088       0.99999945923571321     
   1.3199999742209911        1.0000012396095599     
   1.3299999739974739       0.99999982433725443     
   1.3399999737739563       0.99999889222770999     
   1.3499999735504391        1.0000008176547603     
   1.3599999733269215        1.0000006880783601     
   1.3699999731034043       0.99999891695384802     
   1.3799999728798866        1.0000000925800938     
   1.3899999726563692        1.0000011724702793     
   1.3999999724328518       0.99999942021908939     
   1.4099999722093344       0.99999944369902238     
   1.4199999719858170        1.0000011768813539     
   1.4299999717622995        1.0000001236535658     
   1.4399999715387821       0.99999911065678604     
   1.4499999713152647        1.0000008119583337     
   1.4599999710917473        1.0000007566064801     
   1.4699999708682299       0.99999915250446292     
   1.4799999706447124        1.0000002806824235     
   1.4899999704211950        1.0000011475960782     
   1.4999999701976776       0.99999949246040054     
   1.5099999699741602       0.99999978047158933     
   1.5199999697506428        1.0000012458054137     
   1.5299999695271254       0.99999998810327895     
   1.5399999693036079       0.99999944282707220     
   1.5499999690800905        1.0000010945171751     
   1.5599999688565733        1.0000004977718002     
   1.5699999686330557       0.99999931983189039     
   1.5799999684095385        1.0000007845319943     
   1.5899999681860209        1.0000009172364777     
   1.5999999679625037       0.99999939954968786     
   1.6099999677389860        1.0000004152039312     
   1.6199999675154688        1.0000011919316356     
   1.6299999672919512       0.99999963133283010     
   1.6399999670684340        1.0000000678874408     
   1.6499999668449163        1.0000013114106152     
   1.6599999666213991       0.99999995142577880     
   1.6699999663978815       0.99999979536922146     
   1.6799999661743643        1.0000012952080253     
   1.6899999659508467        1.0000003002922986     
   1.6999999657273295       0.99999962193854575     
   1.7099999655038121        1.0000011783840466     
   1.7199999652802944        1.0000006323358908     
   1.7299999650567770       0.99999954935174074     
   1.7399999648332598        1.0000009994308010     
   1.7499999646097424        1.0000009185902035     
   1.7599999643862247       0.99999956493961006     
   1.7699999641627073        1.0000007928153425     
   1.7799999639391901        1.0000011452335793     
   1.7899999637156727       0.99999964880650327     
   1.7999999634921551        1.0000005851575511     
   1.8099999632686377        1.0000013101038974     
   1.8199999630451205       0.99999977944359297     
   1.8299999628216030        1.0000003943894016     
   1.8399999625980854        1.0000014186684267     
   1.8499999623745680       0.99999993714040791     
   1.8599999621510508        1.0000002306084459     
   1.8699999619275334        1.0000014805912720     
   1.8799999617040157        1.0000001057969510     
   1.8899999614804983        1.0000000977376731     
   1.8999999612569811        1.0000015070400723     
   1.9099999610334637        1.0000002733830868     
   1.9199999608099461       0.99999999536264228     
   1.9299999605864286        1.0000015089731862     
   1.9399999603629114        1.0000004316998268     
   1.9499999601393940       0.99999992038957963     
   1.9599999599158764        1.0000014961372259     
   1.9699999596923590        1.0000005757014394     
   1.9799999594688418       0.99999986835881050     
   1.9899999592453244        1.0000014766537901     
   1.9999999590218067        1.0000007027159339     
   2.0099999587982893       0.99999983439990403     
   2.0199999585747719        1.0000014569579465     
   2.0299999583512545        1.0000008116733619     
   2.0399999581277370       0.99999981385767900     
   2.0499999579042196        1.0000014419523966     
   2.0599999576807022        1.0000009024622099     
   2.0699999574571848       0.99999980268819122     
   2.0799999572336674        1.0000014352520485     
   2.0899999570101500        1.0000009754035384     
   2.0999999567866330       0.99999979766088065     
   2.1099999565631151        1.0000014394342340     
   2.1199999563395977        1.0000010308754275     
   2.1299999561160803       0.99999979647718251     
   2.1399999558925633        1.0000014562644020     
   2.1499999556690454        1.0000010690480075     
   2.1599999554455280       0.99999979781027071     
   2.1699999552220106        1.0000014868446931     
   2.1799999549984936        1.0000010897241831     
   2.1899999547749758       0.99999980133366229     
   2.1999999545514584        1.0000015316976751     
   2.2099999543279409        1.0000010922694171     
   2.2199999541044240       0.99999980773155905     
   2.2299999538809061        1.0000015907574056     
   2.2399999536573887        1.0000010756218534     
   2.2499999534338713       0.99999981871973587     
   2.2599999532103543        1.0000016632967197     
   2.2699999529868364        1.0000010383907403     
   2.2799999527633190       0.99999983705310636     
   2.2899999525398016        1.0000017477701018     
   2.2999999523162846        1.0000009790327784     
   2.3099999520927668       0.99999986650904371     
   2.3199999518692493        1.0000018416032666     
   2.3299999516457319        1.0000008961261251     
   2.3399999514222150       0.99999991181829850     
   2.3499999511986971        1.0000019409461915     
   2.3599999509751797        1.0000007887519460     
   2.3699999507516623       0.99999997851021982     
   2.3799999505281453        1.0000020404176069     
   2.3899999503046274        1.0000006569720856     
   2.3999999500811100        1.0000000726207645     
   2.4099999498575926        1.0000021328952451     
   2.4199999496340756        1.0000005024155885     
   2.4299999494105577        1.0000002002374098     
   2.4399999491870403        1.0000022094149175     
   2.4499999489635229        1.0000003289268369     
   2.4599999487400059        1.0000003668220510     
   2.4699999485164881        1.0000022592506508     
   2.4799999482929707        1.0000001432258632     
   2.4899999480694532        1.0000005763048094     
   2.4999999478459363        1.0000022702791833     
   2.5099999476224184       0.99999995549203735     
   2.5199999473989010        1.0000008299528247     
   2.5299999471753836        1.0000022297166327     
   2.5399999469518666       0.99999977973410792     
   2.5499999467283487        1.0000011250717895     
   2.5599999465048313        1.0000021253176403     
   2.5699999462813143       0.99999963378360457     
   2.5799999460577969        1.0000014536569966     
   2.5899999458342791        1.0000019470666064     
   2.5999999456107616       0.99999953870520109     
   2.6099999453872447        1.0000018011912148     
   2.6199999451637273        1.0000016893477253     
   2.6299999449402094       0.99999951744818061     
   2.6399999447166920        1.0000021458790616     
   2.6499999444931750        1.0000013534525338     
   2.6599999442696571       0.99999959257317139     
   2.6699999440461397        1.0000024586552378     
   2.6799999438226223        1.0000009501408456     
   2.6899999435991053       0.99999978300580994     
   2.6999999433755875        1.0000027043658826     
   2.7099999431520700        1.0000005018273006     
   2.7199999429285526        1.0000000999451353     
   2.7299999427050357        1.0000028444782143     
   2.7399999424815178        1.0000000437861298     
   2.7499999422580004        1.0000005422680036     
   2.7599999420344830        1.0000028415414637     
   2.7699999418109660       0.99999962367884709     
   2.7799999415874481        1.0000010920922739     
   2.7899999413639307        1.0000026653706571     
   2.7999999411404133       0.99999929869717563     
   2.8099999409168963        1.0000017114328610     
   2.8199999406933784        1.0000023005157050     
   2.8299999404698610       0.99999912979999850     
   2.8399999402463436        1.0000023411618844     
   2.8499999400228266        1.0000017540824828     
   2.8599999397993088       0.99999917288547624     
   2.8699999395757914        1.0000029035156108     
   2.8799999393522739        1.0000010624008577     
   2.8899999391287570       0.99999946740036216     
   2.8999999389052391        1.0000033092512164     
   2.9099999386817217        1.0000002946305020     
   2.9199999384582043        1.0000000237182480     
   2.9299999382346873        1.0000034698921885     
   2.9399999380111694       0.99999955110973249     
   2.9499999377876520        1.0000008115274737     
   2.9599999375641346        1.0000033145146450     
   2.9699999373406176       0.99999895462372335     
   2.9799999371170998        1.0000017523832032     
   2.9899999368935823        1.0000028091533923     
   2.9999999366700654       0.99999863359976104     
